354
20
25
44
58
138
15
122
16
31
26
40
38
23
63
16
24
281
55
29
29
28
100
86
46
30
36
75
19
19
56
69
22
42
20
39
155
39
19
9
20
45
30
49
42
28
44
29
48
46
57
31
133
18
36
18
35
59
221
65
19
30
67
49
20
144
42
41
23
9
26
22
18
56
5
49
24
160
111
31
15
55
54
51
56
138
25
26
50
53
30
55
31
123
27
8
88
38
35
14
48
16
23
78
18
51
14
71
20
57
80
67
25
54
25
68
50
38
95
8
11
131
15
15
102
9
30
37
35
51
34
74
217
83
79
19
57
94
174
29
29
134
39
37
38
48
42
22
85
2
34
10
30
28
52
18
59
64
66
72
41
16
36
133
12
33
7
31
54
7
27
24
91
76
79
127
41
35
39
34
42
26
41
25
26
123
45
36
25
55
31
56
45
19
21
19
30
29
66
4
65
47
59
47
266
5
26
30
36
65
17
35
119
37
26
37
79
18
24
38
74
48
41
283
67
70
13
27
46
7
29
113
32
21
49
43
18
82
20
42
207
14
38
51
44
15
10
27
34
65
39
17
41
41
243
168
65
39
49
22
16
70
33
33
52
27
29
88
51
220
31
8
49
50
22
16
38
107
52
53
84
49
38
51
192
22
39
84
15
148
17
68
25
24
67
55
85
40
35
38
72
203
34
38
33
58
37
51
31
46
49
54
37
40
38
25
41
55
17
30
14
48
38
23
31
52
43
32
27
22
36
37
16
68
40
25
78
48
65
28
26
16
4
49
31
5
15
19
72
55
27
9
4
29
67
14
33
75
45
38
57
8
55
32
37
50
62
101
20
49
132
25
66
66
45
52
19
4
38
14
27
26
34
27
18
61
42
39
70
91
8
6
30
21
14
24
65
38
70
97
55
56
91
121
5
86
20
15
119
61
29
287
18
80
12
32
36
8
50
40
19
29
37
108
9
161
34
88
15
44
67
49
18
24
42
30
216
31
34
34
31
55
59
57
17
19
21
254
19
22
13
37
29
155
57
55
28
30
76
81
20
39
46
51
35
57
44
149
45
37
22
57
29
195
73
62
15
26
62
70
67
10
93
20
49
91
117
25
54
33
54
55
46
32
62
12
34
4
59
76
32
33
31
192
138
39
49
70
142
192
39
68
68
29
30
69
38
29
55
27
16
66
13
15
11
85
22
111
27
34
26
59
44
117
14
85
22
83
118
80
79
65
78
19
84
22
87
59
148
46
25
33
19
39
18
17
14
67
67
47
22
59
49
102
17
25
39
19
187
26
37
30
14
57
147
55
56
124
108
79
67
65
51
24
217
77
68
54
26
39
21
24
50
65
117
75
25
20
85
28
24
21
52
50
233
48
43
42
12
55
61
29
60
2
67
112
312
41
217
20
49
23
167
8
29
31
82
61
38
42
68
44
39
132
26
60
38
281
94
55
26
45
35
49
35
100
73
26
22
9
17
36
7
26
30
43
11
33
94
55
44
41
66
26
81
104
8
5
22
25
45
52
38
35
19
26
14
29
37
19
76
13
15
170
27
35
93
26
27
25
80
47
24
15
70
13
26
4
30
22
31
16
35
28
77
20
31
43
29
22
14
19
59
30
13
109
95
44
144
27
27
16
50
55
29
33
20
14
44
55
57
121
46
10
15
55
29
84
41
21
149
58
10
22
31
28
52
32
116
15
15
19
3
28
165
52
60
70
39
40
20
36
45
15
98
18
10
116
281
20
27
8
56
84
17
35
38
29
43
26
27
65
71
26
54
12
40
47
44
88
46
16
66
24
8
28
34
186
21
56
120
27
109
117
7
15
27
45
41
85
88
50
77
48
61
54
18
151
312
44
43
64
71
50
13
24
36
34
69
62
84
50
15
60
30
91
56
74
72
34
55
40
36
59
35
83
192
57
36
9
10
14
20
27
50
72
60
31
38
81
22
19
25
31
26
65
31
26
410
22
88
38
44
33
54
9
21
31
55
60
39
60
51
41
19
826
26
20
27
41
31
75
312
39
31
2
56
4
13
45
86
34
5
79
55
41
29
25
16
27
55
4
8
24
22
345
43
59
9
8
26
10
157
61
15
31
31
35
41
14
59
26
75
33
39
71
39
41
27
27
70
48
44
2
76
20
62
25
10
21
32
65
15
148
79
73
44
19
12
39
26
23
93
55
39
36
69
40
17
44
25
26
11
33
11
31
33
40
56
33
192
19
138
26
26
281
148
29
8
312
57
56
400
70
33
102
43
4
145
44
67
21
7
32
31
117
153
42
34
29
74
55
44
21
65
232
26
42
93
27
14
42
99
44
45
564
55
64
39
42
70
8
66
8
12
49
40
79
21
30
22
33
192
23
35
84
26
74
95
32
312
25
29
50
354
76
43
51
19
127
25
29
62
47
61
16
46
53
256
67
33
19
58
57
18
58
23
24
21
29
102
84
98
37
564
37
51
25
28
75
68
19
2
4
44
76
27
20
79
217
17
30
54
13
19
31
28
30
57
57
39
33
17
20
121
35
40
27
38
8
222
15
41
16
74
59
50
31
70
90
54
68
51
69
80
60
60
88
17
59
75
28
29
49
38
165
54
44
23
47
43
54
20
36
39
29
10
110
22
35
62
599
36
29
79
32
43
82
29
49
1
43
27
27
58
25
52
7
36
13
14
32
15
67
254
22
25
39
26
37
44
27
37
121
62
80
67
48
16
28
50
119
26
31
13
32
43
19
60
19
44
25
60
184
16
36
18
41
84
180
165
124
29
373
5
56
55
43
57
29
29
59
11
39
43
98
92
19
12
113
11
109
21
28
138
2
39
55
40
13
26
36
34
26
25
83
70
19
56
32
66
26
70
25
211
39
40
75
109
12
32
88
28
148
41
43
48
62
26
39
48
192
410
26
6
159
26
48
72
80
16
105
88
29
22
51
19
74
34
28
36
38
40
60
54
35
28
103
34
83
58
34
60
13
6
41
86
23
59
19
22
40
33
21
91
49
71
32
55
70
133
34
52
312
32
38
42
29
19
59
243
32
22
25
195
33
38
34
120
51
23
374
63
41
43
41
39
67
85
47
75
139
66
233
15
29
488
61
2
41
151
27
18
26
43
23
44
71
62
139
153
217
54
21
14
52
75
16
51
55
19
62
12
73
19
44
27
51
61
54
14
7
33
11
59
37
281
37
20
38
21
19
62
15
76
76
179
750
69
42
331
50
17
59
28
70
55
2
12
42
29
43
62
33
184
24
117
17
21
66
18
31
55
74
9
46
20
55
49
38
47
18
14
35
56
345
283
30
40
89
43
39
44
44
50
38
14
56
69
29
18
19
54
76
312
21
55
26
56
148
40
69
26
50
25
148
65
44
19
18
44
31
55
13
70
27
36
29
25
33
29
29
217
27
32
40
37
37
12
147
96
41
413
56
148
38
22
52
42
29
37
138
44
13
14
14
85
15
28
55
70
564
35
35
84
38
282
25
21
85
42
15
12
46
30
44
121
45
6
39
36
64
148
103
37
35
16
4
44
34
25
27
71
44
20
45
83
39
83
13
33
22
29
85
41
36
135
39
51
26
41
45
38
106
29
19
44
174
19
31
121
17
52
36
94
27
75
31
45
38
273
87
44
37
26
19
17
57
47
26
60
19
17
42
44
66
33
42
59
24
29
58
14
77
20
37
36
283
26
22
34
55
10
41
37
8
41
17
32
17
32
7
90
46
26
15
57
75
47
76
54
34
25
181
30
42
20
192
29
22
43
29
4
40
59
61
52
400
80
60
65
410
22
68
16
83
44
18
32
26
19
44
26
149
68
41
93
11
67
66
25
62
29
22
32
2
46
77
76
18
29
30
38
25
99
68
38
33
27
49
83
23
41
43
25
70
63
826
146
35
18
34
107
25
32
345
26
41
25
56
64
46
21
11
7
55
117
28
57
30
21
20
32
22
37
55
29
53
61
9
39
26
53
20
19
43
55
44
56
54
107
217
71
18
42
15
30
40
41
26
47
11
138
36
65
71
26
49
50
283
29
23
49
3
17
37
35
77
21
29
44
26
31
23
55
32
26
39
55
21
33
55
34
33
17
37
70
31
36
13
41
46
28
88
51
85
68
23
185
21
29
32
38
61
23
22
49
20
46
22
9
52
29
13
37
130
55
125
71
31
40
83
25
25
65
25
39
22
71
59
10
9
61
18
28
36
113
37
109
38
56
45
60
19
27
25
33
22
42
17
26
21
25
52
37
27
32
35
26
31
55
16
24
102
26
14
18
28
46
23
19
25
31
42
58
62
31
44
21
56
26
29
48
37
26
141
27
91
39
26
101
38
57
287
58
27
43
43
42
17
26
16
44
25
22
145
56
43
56
51
46
62
19
54
21
59
10
19
72
55
42
7
55
141
17
57
68
18
33
45
25
41
40
43
40
25
109
97
50
60
19
59
45
42
25
516
223
57
25
58
31
26
25
217
49
45
12
11
18
19
21
67
87
21
19
39
282
70
157
14
77
22
63
96
22
36
73
18
17
138
43
41
29
81
57
72
266
65
39
12
37
57
161
60
57
130
21
26
21
109
42
26
36
374
77
59
51
29
22
59
21
25
180
33
29
36
24
83
58
34
38
51
68
26
16
19
31
40
41
20
35
30
18
42
254
52
73
17
23
39
26
11
31
79
25
22
43
20
56
27
81
26
39
31
10
68
4
60
31
43
65
40
31
12
66
44
24
4
11
18
73
13
24
35
281
43
65
58
37
36
40
607
29
105
404
31
19
31
148
49
22
120
63
3
15
25
27
117
34
42
25
38
5
17
61
281
44
63
151
31
31
38
36
19
106
47
266
1
28
44
25
22
15
21
27
3
7
93
18
34
19
35
80
20
33
22
76
95
66
183
50
9
32
19
61
14
29
24
65
148
20
95
34
22
29
37
31
52
44
81
100
62
24
85
22
331
33
88
52
67
57
22
488
26
68
66
37
40
21
117
29
18
55
50
15
113
84
84
29
36
47
34
31
41
40
28
23
55
3
22
50
56
68
120
66
48
43
39
68
108
90
160
24
66
369
138
122
67
25
80
65
38
119
29
4
35
27
34
68
44
48
122
400
30
41
38
54
14
228
22
35
14
17
21
69
32
51
77
53
12
34
61
24
19
25
55
69
26
62
50
145
46
39
19
28
192
37
63
29
36
105
7
312
26
25
44
43
43
85
37
27
45
68
46
39
35
41
21
6
19
22
340
56
65
25
35
94
34
172
22
19
30
32
19
14
120
22
43
67
113
27
48
49
50
100
41
38
206
69
44
55
607
19
13
20
31
31
30
31
46
41
42
20
65
9
65
30
51
17
93
42
19
39
38
31
104
62
35
56
29
42
22
9
25
19
55
29
69
69
67
56
18
41
40
31
181
28
149
49
15
41
25
99
16
64
88
231
138
46
109
22
23
39
26
51
31
20
86
68
3
20
91
10
27
19
24
25
31
27
11
27
43
15
149
94
12
30
32
63
36
2
165
20
41
53
24
19
28
36
45
43
42
101
68
47
19
18
28
16
12
80
50
111
31
27
41
27
42
32
55
18
28
3
57
85
4
27
37
24
19
66
43
56
42
35
112
39
112
143
33
43
6
27
33
19
410
36
112
84
73
31
36
21
77
55
42
54
34
8
39
19
38
28
44
20
36
42
43
56
35
13
19
42
38
19
32
26
39
51
19
50
66
15
73
43
23
44
24
81
36
44
59
79
44
25
17
83
19
37
46
26
55
25
26
53
55
101
24
31
79
54
72
36
73
105
18
138
24
97
79
27
51
30
68
15
14
38
19
24
44
31
192
55
19
43
23
17
93
36
31
26
13
148
36
70
27
48
294
36
113
44
14
38
36
68
34
2
34
67
109
63
21
16
65
31
25
100
52
48
51
39
26
30
41
44
58
25
79
43
55
32
57
65
19
19
75
29
61
48
61
38
400
70
38
22
41
26
32
31
18
20
8
26
19
19
254
55
71
52
35
47
36
18
26
51
56
2
19
31
354
18
25
40
19
22
39
27
29
27
17
141
31
41
46
34
41
46
36
75
10
19
164
62
26
48
31
192
26
29
13
19
34
62
52
82
76
86
50
23
31
24
53
23
31
22
33
35
29
27
27
40
68
59
25
19
27
65
40
42
122
21
59
39
34
30
29
60
51
54
256
37
16
2
34
34
17
44
46
31
31
26
2
400
17
25
45
35
76
21
139
23
23
44
18
65
24
44
52
39
54
25
19
64
30
69
29
79
67
20
57
74
55
124
13
43
54
12
14
24
83
11
40
34
31
9
29
8
50
41
202
25
340
73
361
50
62
38
45
19
59
66
32
25
33
15
14
46
27
33
112
30
111
15
42
32
139
41
16
77
21
54
58
19
56
107
6
29
21
25
94
37
93
127
23
19
111
48
42
28
44
49
6
23
41
146
83
33
34
41
117
208
110
31
29
51
46
65
35
61
43
26
6
24
66
59
91
25
19
77
48
19
35
67
25
43
57
57
27
16
38
36
24
109
33
148
31
158
76
35
54
216
31
31
16
9
35
42
33
37
73
56
117
32
19
32
16
98
32
22
38
31
33
15
33
163
56
43
97
161
19
26
19
17
19
19
13
165
18
76
50
55
202
18
18
108
14
33
38
7
27
113
65
9
48
281
19
22
19
15
100
35
15
21
35
41
34
37
77
26
19
61
38
50
8
33
400
26
6
9
17
42
18
76
35
32
64
187
26
13
13
25
33
56
11
18
107
254
36
24
62
48
46
38
37
87
31
63
19
27
43
52
11
44
49
27
25
41
42
34
84
18
25
44
42
48
24
117
8
119
8
14
38
29
331
31
70
312
121
55
89
7
61
22
47
26
18
30
68
25
19
51
232
1337
29
33
354
83
64
77
17
22
59
70
55
25
44
85
29
12
55
17
105
27
15
19
6
37
75
46
40
37
99
42
34
24
25
40
39
5
55
24
27
16
208
30
32
46
3
26
17
29
57
109
174
26
139
98
141
36
44
46
243
32
16
59
18
47
38
67
15
26
35
3
50
30
86
39
44
12
61
57
41
25
37
42
39
9
26
80
35
65
6
29
26
43
52
26
37
53
113
23
21
3
22
149
55
47
41
19
25
19
41
27
51
27
39
37
27
93
117
34
22
20
40
15
38
55
139
17
61
3
8
47
91
34
46
19
58
29
21
39
70
13
30
45
33
17
44
26
39
49
31
47
37
192
210
16
13
55
153
32
19
29
25
41
108
40
22
117
32
55
23
56
34
43
28
119
74
18
56
18
52
35
65
77
42
25
30
26
11
36
117
31
56
4
74
19
27
51
67
16
24
29
46
25
77
283
15
116
35
26
42
62
23
14
39
27
26
74
27
33
17
76
23
138
139
16
83
104
19
86
79
40
18
52
28
24
22
25
36
47
29
43
32
63
62
55
25
45
59
33
13
71
38
24
25
49
27
24
19
21
44
37
281
67
20
19
35
51
287
69
27
39
50
99
28
39
11
19
36
21
10
62
50
17
57
33
70
32
32
31
12
70
40
29
312
21
31
18
19
79
149
31
41
43
44
127
26
38
24
59
17
192
42
31
55
91
60
66
48
27
24
112
32
12
27
38
46
26
106
21
46
46
11
49
55
27
27
34
69
26
138
31
35
55
19
312
59
29
15
17
25
80
50
31
19
47
26
18
2
98
42
58
25
44
71
611
9
41
24
29
25
84
57
17
28
55
22
77
10
25
22
55
26
88
26
166
55
25
83
20
21
83
40
41
46
22
108
24
29
15
61
12
15
27
26
64
38
317
147
149
57
2
17
30
83
38
39
68
47
40
44
45
29
32
46
47
80
24
33
5
65
22
46
30
29
32
32
94
16
54
24
55
46
165
90
21
50
408
66
13
55
14
58
19
42
39
46
47
60
26
86
39
76
12
49
55
24
52
74
41
38
19
312
34
44
116
27
19
140
50
25
31
54
26
139
51
266
29
71
9
50
14
67
25
50
33
32
13
53
32
36
243
75
130
60
37
166
29
24
94
23
93
108
75
26
36
23
24
40
19
15
37
25
165
29
31
31
56
37
25
68
12
71
11
365
48
45
43
45
51
77
149
16
29
44
29
192
36
30
36
31
25
26
20
4
41
254
281
203
89
56
53
66
8
83
22
29
65
65
44
84
43
14
55
14
8
32
62
36
18
12
29
33
21
16
25
42
67
25
55
26
70
124
30
95
118
44
413
39
26
20
120
144
19
74
15
5
52
43
19
132
25
41
26
217
70
43
76
22
142
57
40
181
55
52
38
5
84
497
72
19
22
46
38
46
183
14
35
59
46
9
19
27
24
19
60
36
46
33
38
72
26
42
27
13
26
40
24
80
34
15
13
11
49
425
35
37
46
39
304
10
220
254
14
21
66
31
55
87
7
70
38
16
15
22
31
55
39
16
32
43
139
22
32
36
60
122
168
21
38
22
28
58
17
16
43
38
41
60
80
108
69
31
59
31
46
49
15
15
93
35
38
56
12
107
38
65
21
94
42
66
15
68
33
24
67
43
25
24
44
18
56
42
55
48
55
31
254
54
46
26
61
22
195
25
20
44
38
66
400
19
40
24
17
31
31
17
26
57
42
59
41
19
49
47
60
32
25
254
42
46
33
18
48
31
19
22
67
37
35
37
26
55
37
27
139
75
51
52
32
75
37
25
33
41
44
17
11
61
71
5
131
98
67
20
60
106
15
49
47
80
62
71
43
44
68
223
26
53
44
39
4
77
18
37
43
32
46
51
49
27
116
84
48
31
84
18
52
83
25
76
66
8
54
47
109
564
5
51
59
50
44
67
400
26
7
40
65
37
19
7
57
40
183
74
49
3
25
18
30
29
400
43
26
17
79
54
32
66
49
3
29
27
55
13
31
22
102
39
26
59
26
22
52
21
61
38
68
234
46
34
16
25
51
104
99
32
11
70
21
46
66
40
211
13
51
35
53
36
297
18
49
78
46
65
29
73
61
66
81
35
60
20
40
43
50
43
30
8
13
26
39
19
39
281
35
14
32
19
44
20
42
75
65
55
88
33
48
48
42
91
104
31
113
180
43
76
27
29
61
28
41
67
20
22
59
31
42
84
4
38
67
24
27
19
41
111
64
41
109
75
78
18
18
45
42
111
24
21
27
22
19
55
44
53
35
39
63
30
14
40
164
21
21
65
74
148
26
70
59
43
42
35
17
13
87
38
283
33
36
36
92
40
25
30
47
30
28
36
37
24
20
55
32
80
94
71
38
42
33
2
25
27
11
14
44
26
90
49
28
106
42
24
36
59
36
33
26
19
22
43
400
44
31
79
27
25
51
24
41
76
26
29
27
31
21
29
15
56
31
19
51
57
149
36
27
374
35
62
355
101
43
35
18
37
235
19
58
76
16
22
12
19
13
56
41
107
18
49
10
26
123
22
19
18
23
48
41
62
38
12
72
68
34
80
37
43
312
41
25
148
19
46
237
64
85
37
29
56
105
46
37
50
61
9
28
40
61
144
85
76
38
31
5
47
35
47
44
40
18
26
28
40
47
44
19
40
51
16
254
16
22
16
235
66
25
33
33
16
27
26
90
74
27
34
306
55
28
32
17
40
60
32
21
26
55
70
32
36
43
26
23
51
35
1341
42
116
19
32
36
8
70
66
26
109
35
31
27
47
55
35
25
66
58
161
49
21
217
39
87
25
37
22
33
139
29
16
35
80
76
16
27
73
14
14
113
55
102
38
67
24
50
17
24
61
29
20
61
28
21
19
39
65
26
38
33
70
20
77
21
20
217
35
31
41
8
50
15
268
55
41
26
10
19
10
105
29
50
21
21
135
46
40
10
22
145
14
19
16
149
65
21
28
18
69
38
25
21
23
21
55
53
35
19
34
17
44
22
65
8
34
71
28
10
55
33
19
26
61
31
26
73
7
23
37
4
45
17
62
69
37
160
57
94
44
57
44
46
269
42
40
50
53
28
36
8
29
39
48
33
26
37
29
15
58
24
47
32
22
27
42
179
21
32
17
35
32
32
48
37
48
45
27
24
39
26
46
114
29
185
109
93
30
36
27
44
40
26
37
16
28
16
56
47
18
65
2
94
32
70
50
85
13
26
29
51
110
25
68
26
29
27
28
9
70
19
84
65
149
35
26
192
5
26
17
33
60
110
29
47
49
64
29
65
21
35
26
21
41
31
29
25
57
33
15
39
20
25
34
102
27
8
78
19
51
19
14
35
33
41
24
55
27
31
46
21
68
70
18
38
45
38
21
25
4
139
13
148
59
400
61
64
165
27
30
70
31
12
80
16
12
47
13
26
25
70
56
32
19
71
79
148
243
52
30
29
13
73
19
33
23
42
138
49
22
48
132
22
32
55
21
56
95
93
80
25
93
33
26
59
44
26
16
49
22
51
38
27
83
27
49
22
36
29
42
19
19
57
82
10
99
26
44
81
34
48
49
123
29
547
43
45
109
28
41
42
25
24
26
8
28
50
56
222
31
44
18
77
67
60
44
26
28
28
65
25
126
43
46
25
209
55
19
25
20
46
13
8
139
34
148
85
25
25
73
52
26
40
43
56
60
24
103
71
34
25
29
13
112
155
43
27
35
5
51
22
43
29
31
50
46
19
42
43
52
74
29
107
70
35
62
22
16
63
37
26
29
14
14
5
207
44
24
50
69
49
21
67
18
210
37
21
16
41
26
105
45
38
19
14
4
58
21
29
24
48
22
22
105
28
76
2
17
17
35
10
53
70
28
80
16
29
35
13
22
39
40
30
19
47
20
56
83
56
59
20
18
30
35
15
57
2
22
27
148
15
36
41
48
37
27
24
61
33
18
28
22
26
29
165
75
22
30
28
37
44
25
98
71
25
4
73
165
45
42
39
16
8
38
35
312
18
91
29
55
206
12
55
11
27
40
256
14
18
103
73
407
33
28
51
1507
56
26
55
62
25
70
57
117
46
77
13
26
30
26
283
51
68
125
18
11
56
23
33
226
15
29
54
25
23
33
26
48
41
44
24
25
64
32
69
37
48
8
43
181
1804
54
59
35
50
20
46
39
38
20
44
19
33
165
58
48
28
35
55
40
30
49
31
19
400
14
64
25
26
47
23
36
65
138
61
167
29
40
15
47
77
19
57
12
168
33
38
33
14
17
60
217
24
184
12
36
80
42
44
6
38
13
57
246
33
25
65
34
41
58
15
25
11
24
25
13
85
14
16
54
44
24
22
27
25
41
16
20
24
25
11
31
88
41
50
12
59
44
50
41
62
529
41
35
55
65
14
17
25
61
70
57
109
40
139
26
24
58
20
16
32
217
16
40
41
60
31
16
100
43
7
79
40
98
41
13
45
27
30
16
8
70
283
109
138
79
25
60
103
78
28
70
30
65
107
33
47
57
26
11
42
161
22
56
52
18
60
28
13
34
18
56
37
34
10
96
25
50
51
17
18
31
36
20
19
109
98
21
22
38
40
63
35
44
16
43
23
28
65
42
21
24
35
47
25
18
22
30
57
58
35
80
31
73
76
20
58
21
736
107
27
117
71
35
24
99
65
49
50
44
48
31
5
59
16
22
26
29
16
19
77
38
400
83
25
196
36
195
25
41
9
33
16
28
56
51
24
19
26
33
41
13
33
44
70
206
56
25
8
44
34
49
59
23
57
26
18
107
31
26
38
27
35
74
59
84
59
67
22
39
59
131
30
42
57
19
58
33
39
85
55
192
24
37
1
19
180
107
31
28
17
66
26
29
72
71
7
25
35
13
51
11
45
65
26
101
42
26
44
15
3
34
25
59
77
32
38
37
22
18
56
196
59
38
31
20
25
49
25
82
43
65
51
61
174
27
22
70
64
38
26
47
51
51
46
13
88
9
67
93
63
42
44
38
50
21
4
130
66
34
21
31
27
34
14
34
51
15
45
105
84
38
22
42
26
74
38
75
46
73
44
159
37
17
96
80
85
12
36
40
10
29
49
53
37
69
21
67
54
22
31
31
84
67
41
38
2
19
40
43
21
33
27
55
56
15
19
2
33
38
41
55
13
9
25
27
29
13
73
31
826
48
160
16
57
31
41
18
19
36
40
28
40
41
19
18
180
14
30
11
35
38
56
8
54
100
46
44
14
27
56
297
50
42
21
26
25
23
32
38
26
137
52
32
31
26
106
42
109
73
31
55
51
67
172
32
37
55
45
27
400
153
9
28
6
84
45
30
24
56
39
29
45
37
137
21
19
76
312
25
144
22
76
38
68
231
29
44
48
44
55
38
60
18
28
45
70
52
26
160
19
56
373
70
31
22
38
76
11
21
30
13
8
20
37
400
46
19
21
44
62
61
32
34
17
22
85
21
26
111
34
19
21
24
147
24
17
48
57
18
58
37
27
80
243
26
16
32
19
26
21
50
127
26
42
43
44
60
153
46
23
21
27
19
44
94
63
28
43
50
43
49
41
26
165
66
183
32
11
60
16
58
75
29
39
44
17
51
32
33
15
24
12
47
59
37
60
38
12
8
246
70
117
13
61
155
54
49
55
25
21
18
11
43
27
20
43
196
17
59
63
27
15
28
186
35
44
19
39
41
124
25
4
85
41
49
22
21
33
66
40
39
3
35
51
90
44
52
77
24
13
37
55
151
48
56
22
43
25
80
18
33
53
46
44
32
46
44
16
18
25
17
16
166
19
33
12
25
25
55
35
37
66
31
734
51
24
52
51
25
19
50
116
48
46
25
42
55
24
67
38
25
36
19
22
19
38
110
38
41
22
49
73
37
46
30
27
400
84
58
55
70
39
216
26
77
52
25
59
27
8
19
30
400
37
19
27
27
284
27
30
77
25
65
31
21
144
26
44
46
41
2
34
52
43
130
61
78
29
25
37
66
35
25
30
19
36
16
41
68
32
36
79
26
65
28
45
92
35
31
105
21
29
27
62
22
11
68
45
138
5
44
73
27
254
164
68
12
51
50
33
31
109
13
29
29
52
24
27
37
27
56
18
13
9
34
31
10
28
164
57
70
52
289
17
40
47
58
46
33
236
29
43
76
165
139
16
44
46
43
19
44
19
49
14
38
8
100
4
83
15
39
22
31
42
44
95
11
24
597
46
283
92
7
13
28
9
45
19
60
18
138
165
25
43
80
114
139
141
17
43
18
43
104
29
21
27
216
37
127
254
13
79
68
26
55
37
21
44
57
57
11
35
72
34
41
27
26
36
27
41
15
27
27
57
32
27
18
26
54
22
21
70
76
70
66
15
36
164
5
7
31
44
22
14
26
91
36
57
35
49
27
55
67
24
37
19
148
31
55
26
41
16
21
37
32
44
35
22
281
24
35
69
19
283
32
117
12
36
37
53
227
20
122
35
52
35
35
26
46
164
71
339
160
133
138
113
25
42
2
57
36
28
25
60
20
32
25
32
43
70
44
153
52
20
21
56
66
45
18
48
26
12
38
19
66
102
43
11
37
57
80
281
594
56
34
9
23
9
31
22
65
33
32
39
61
19
27
49
49
9
31
38
373
26
37
19
38
19
25
52
43
33
16
33
20
52
42
45
243
62
38
37
21
13
33
40
21
13
139
7
99
41
49
32
294
56
55
180
19
18
11
165
29
74
53
55
65
57
47
226
46
37
31
50
79
81
35
26
71
36
35
91
42
41
34
19
21
10
32
99
217
21
27
107
99
17
49
65
37
25
12
18
41
29
22
30
34
48
22
29
44
43
41
25
650
27
38
31
18
45
17
68
29
39
18
71
24
47
14
84
67
2
45
51
67
26
36
400
38
27
141
85
27
38
29
40
449
20
31
29
54
28
33
61
24
57
32
14
28
192
76
18
63
21
18
70
69
72
27
41
149
70
2
18
77
80
17
31
18
20
121
35
41
15
29
7
33
42
36
10
32
29
19
103
26
138
254
26
10
26
42
76
24
7
42
66
25
37
79
57
7
37
5
20
43
19
63
57
39
30
67
14
42
55
11
36
44
69
88
3
28
27
15
160
29
127
56
77
41
37
38
374
32
48
48
76
74
36
39
31
59
67
192
13
58
85
27
19
216
81
29
42
35
23
44
29
43
271
27
19
14
104
44
17
29
48
52
57
61
27
44
38
74
56
37
53
57
15
281
15
166
18
33
22
3
2
23
41
35
48
1048
18
50
94
31
67
52
27
24
26
44
207
85
15
57
69
17
29
81
56
11
27
139
132
30
36
27
15
59
41
10
13
19
65
80
113
41
8
37
51
26
99
49
54
41
136
179
92
35
35
51
26
21
84
40
53
24
45
33
3
206
43
51
36
49
27
12
26
37
32
39
26
826
57
44
195
24
73
38
28
27
21
15
37
283
51
123
254
44
23
67
31
29
68
27
31
36
31
31
19
27
12
41
12
30
24
29
55
35
4
60
18
27
36
19
54
69
9
57
69
29
18
44
283
60
61
81
26
31
102
25
43
25
31
34
37
36
48
27
147
16
56
33
62
20
34
266
254
21
19
166
400
19
110
21
37
43
32
32
66
24
11
26
38
19
20
8
32
38
14
36
25
36
29
33
27
36
1
36
14
19
23
38
38
47
40
109
1
297
26
57
43
7
91
72
40
329
22
41
108
15
27
87
69
26
42
21
43
19
33
56
24
36
48
18
31
137
46
60
109
55
29
279
32
27
61
33
15
8
19
21
20
41
34
36
38
56
24
30
47
89
63
22
43
38
22
139
13
44
105
64
15
51
18
47
33
138
52
7
109
123
72
74
11
20
14
55
76
60
15
192
206
13
25
19
30
15
47
48
206
57
51
32
55
43
62
51
52
34
119
44
26
24
43
25
76
147
38
37
8
81
62
49
400
36
80
72
83
88
34
31
26
65
35
71
7
31
58
65
30
30
65
38
77
40
564
56
57
95
266
27
29
48
22
125
76
33
17
14
29
183
70
79
30
66
66
79
147
15
159
20
243
166
29
85
148
153
40
40
50
45
28
46
20
15
22
29
43
26
26
35
104
36
61
43
27
22
71
26
46
28
15
25
27
19
155
14
33
71
70
19
39
151
297
65
195
60
16
52
146
22
73
12
27
34
25
27
43
44
55
18
25
56
37
4
266
48
15
12
88
100
44
195
15
44
20
35
49
86
39
10
78
15
55
42
8
25
27
46
44
57
14
32
32
51
16
70
66
15
30
61
20
42
24
38
143
34
34
32
51
39
45
31
10
16
15
34
14
37
25
57
36
9
23
38
37
38
45
41
34
72
77
14
26
65
62
71
82
680
25
39
66
40
39
25
11
21
39
38
151
50
38
107
21
39
57
139
37
86
26
68
49
34
49
38
66
21
113
31
80
25
34
47
18
9
30
22
26
76
82
36
21
24
34
12
141
43
13
55
39
39
25
46
55
43
19
62
52
109
32
39
49
28
31
135
14
27
27
41
23
34
27
21
58
109
27
49
17
53
32
59
25
29
183
77
5
51
27
65
61
28
39
119
98
39
139
103
40
51
55
42
92
33
16
58
192
28
130
79
54
45
19
26
81
13
10
22
31
26
31
25
74
26
31
5
44
14
44
18
26
93
12
33
26
27
34
529
29
57
246
61
51
155
49
39
15
76
42
24
92
89
32
60
46
25
28
108
12
66
42
4
19
45
37
81
35
18
56
31
425
26
36
33
35
22
167
52
62
94
43
15
20
19
11
25
66
8
20
41
122
29
38
42
62
41
17
52
273
80
32
20
51
12
23
41
44
96
13
76
48
312
39
14
26
43
186
33
22
23
15
26
27
19
85
27
56
25
33
70
70
12
55
29
55
27
10
29
70
18
94
42
36
64
16
18
217
53
25
21
80
34
26
26
15
40
50
9
36
50
187
41
31
188
47
18
28
254
107
44
23
22
27
27
64
32
166
57
148
1485
53
43
78
36
547
31
88
14
19
80
57
29
87
105
192
38
22
41
43
18
35
60
68
14
37
14
11
23
33
42
46
55
35
123
35
12
37
25
60
54
17
9
60
38
15
95
38
26
8
62
53
34
65
68
44
26
19
32
23
46
38
55
22
55
43
183
12
55
65
62
26
17
164
51
37
21
11
55
31
92
27
38
46
31
50
52
13
138
26
138
61
27
54
77
34
12
46
41
24
110
32
30
7
65
14
41
68
39
25
52
36
26
45
27
27
25
66
21
108
43
54
20
160
65
112
32
210
80
63
44
38
69
33
19
27
38
33
31
67
26
61
179
45
24
26
26
26
59
37
62
22
22
77
39
13
25
23
46
2
3
31
22
55
37
30
31
77
76
26
22
21
26
70
24
26
63
180
24
31
71
22
36
59
40
59
29
34
34
19
298
31
14
20
23
56
79
180
46
52
19
31
37
42
36
30
19
21
140
37
20
3
65
31
38
57
37
56
3
23
30
37
14
27
94
15
281
27
30
283
28
27
62
44
22
30
48
26
57
80
24
20
139
28
23
9
62
64
25
22
312
15
19
50
22
66
35
281
93
41
30
136
83
57
40
26
66
10
60
18
38
27
44
25
9
47
8
19
234
20
20
30
44
37
42
18
29
35
83
64
37
29
105
55
31
373
49
55
33
15
18
27
374
47
26
65
83
36
56
49
20
27
27
38
72
17
19
29
91
24
76
43
26
68
38
21
54
41
57
400
20
34
101
81
88
10
39
89
121
22
28
46
79
8
76
36
44
61
33
11
67
59
55
27
22
56
22
26
33
10
27
34
22
52
34
145
133
21
167
29
32
60
26
34
62
8
42
32
11
34
63
18
36
20
77
60
26
34
38
8
25
19
94
93
55
43
38
13
5
100
27
38
16
69
46
29
31
27
32
15
12
22
32
53
15
29
41
45
20
37
96
39
176
17
38
85
15
16
100
43
35
17
25
24
72
87
15
50
3
50
28
78
61
40
22
38
25
48
119
166
33
10
63
181
18
58
25
149
34
18
23
46
52
35
21
39
83
44
22
38
50
56
57
37
29
145
65
121
19
55
24
37
37
66
31
124
149
18
49
25
67
55
20
294
77
41
39
179
19
26
38
20
68
19
55
40
46
68
43
44
2
49
27
25
41
76
19
11
52
37
44
7
22
165
36
57
42
49
303
107
73
49
41
20
26
38
83
24
42
55
123
29
9
40
231
59
43
59
17
60
11
75
44
38
10
6
36
21
42
25
44
37
25
58
99
12
10
38
21
26
85
31
9
46
273
37
69
25
121
9
27
38
55
34
47
20
26
105
27
42
17
31
39
74
35
43
16
26
26
38
84
44
119
77
6
32
27
52
56
62
28
2
48
14
15
11
59
14
19
34
34
42
34
28
16
23
148
57
26
39
55
18
42
35
26
91
29
9
45
40
49
15
26
25
149
30
22
39
37
18
96
20
40
22
38
43
26
8
18
25
20
413
44
33
9
9
11
75
24
32
400
99
38
41
94
15
63
85
51
18
25
39
69
84
26
39
32
68
43
20
24
56
68
29
47
66
54
32
186
33
413
27
65
29
96
87
60
109
39
37
27
26
43
35
15
64
66
15
34
109
26
36
39
48
19
50
177
42
38
37
41
21
8
25
28
67
46
26
35
41
15
44
195
56
60
60
89
53
24
67
44
281
28
24
44
38
15
108
33
46
27
29
33
45
27
26
67
27
99
66
20
41
11
53
40
139
39
26
148
86
159
1341
46
16
76
55
23
30
53
44
67
62
65
72
22
27
64
93
46
254
27
2
56
43
26
15
37
23
31
44
24
75
86
39
29
34
8
17
19
19
76
149
55
55
85
15
67
20
135
21
12
63
20
155
26
58
40
105
30
91
40
19
18
25
21
60
12
85
25
26
306
65
10
25
65
20
30
89
45
27
62
15
39
49
43
9
29
117
31
20
38
38
410
37
109
125
32
92
46
49
27
28
25
13
39
1
50
26
22
36
44
54
8
62
400
85
101
76
18
46
61
254
43
57
5
13
19
26
84
41
41
99
27
32
27
29
59
66
125
22
306
25
19
88
79
98
22
51
27
40
5
71
46
19
22
26
181
44
68
20
44
15
74
29
157
60
16
10
38
17
165
8
39
37
181
81
65
12
30
4
53
57
36
24
73
85
32
44
112
29
65
180
268
64
119
95
46
9
15
27
18
38
42
11
57
87
37
41
34
27
56
38
29
46
25
65
268
15
110
154
68
127
53
43
76
38
27
31
82
22
55
144
26
27
40
25
28
57
121
39
40
141
27
12
46
181
9
72
18
23
25
69
41
37
37
29
86
65
57
75
10
29
176
26
49
38
25
60
64
22
42
38
42
138
41
24
47
79
74
48
29
2
58
19
38
82
25
17
44
46
17
32
119
34
18
31
32
33
161
37
22
41
38
489
24
61
35
50
20
38
41
109
70
53
210
192
68
246
66
14
65
28
30
24
33
21
57
23
39
179
71
6
28
138
33
32
19
165
29
14
27
27
23
117
43
19
22
145
36
17
25
54
22
15
28
70
41
14
41
26
66
14
38
62
65
35
65
46
33
15
21
41
83
496
65
17
30
14
39
81
90
25
91
25
26
49
26
16
17
29
55
125
243
148
25
60
67
142
113
56
55
27
75
7
12
18
29
45
33
283
64
51
42
41
17
139
48
26
42
52
65
51
7
141
25
14
18
260
44
16
46
79
50
15
139
73
145
29
18
28
27
9
53
24
45
29
15
8
25
30
27
60
55
95
32
14
55
68
281
15
32
68
32
147
48
113
36
73
44
45
39
95
8
37
53
19
40
9
27
113
8
254
61
31
11
95
40
51
44
55
60
61
10
63
65
21
34
18
41
21
33
23
8
83
87
42
149
14
25
13
533
25
59
84
41
164
25
44
25
25
57
51
20
62
56
24
27
50
32
52
16
59
23
43
29
28
25
31
38
18
37
52
826
243
42
44
46
42
41
5
24
12
42
29
63
70
148
38
6
9
37
8
56
54
243
31
31
44
58
39
27
62
61
14
27
35
29
32
254
25
71
70
62
31
2
42
34
607
83
38
26
44
36
59
47
117
38
38
61
52
26
26
25
46
37
46
26
46
32
49
26
26
19
22
14
21
33
44
76
141
66
48
74
25
31
20
89
27
57
56
22
37
26
23
203
91
22
15
49
39
65
7
109
39
41
26
44
32
19
35
19
65
34
37
26
59
45
29
26
14
37
25
39
95
57
18
33
33
10
79
45
19
24
22
28
40
19
104
40
29
122
43
13
22
41
149
46
35
60
14
39
29
51
164
35
84
37
34
19
48
34
59
41
15
65
36
65
55
23
31
40
165
47
18
43
19
104
23
62
25
47
26
181
22
29
48
18
102
65
61
62
19
46
40
36
62
65
20
17
27
19
56
50
13
73
25
19
53
26
17
14
30
63
71
24
417
37
42
19
48
32
25
39
40
44
27
25
18
36
26
266
39
26
27
37
243
27
65
23
135
10
79
33
19
14
103
49
26
31
13
46
21
14
30
14
47
59
15
41
95
19
67
28
42
46
62
138
49
65
30
312
20
181
31
55
19
4
33
20
39
3
52
10
44
26
34
99
64
32
34
34
46
39
38
20
45
33
65
25
81
109
57
56
17
31
2
56
37
27
32
27
77
17
283
30
31
48
109
159
83
80
44
16
29
16
27
55
110
99
32
30
312
38
20
51
64
47
31
80
413
36
52
38
66
32
43
166
31
56
109
58
41
12
29
47
96
8
33
28
19
31
18
52
138
68
35
35
39
9
28
13
26
24
39
65
16
55
55
23
38
109
35
30
488
27
24
61
15
43
56
79
21
46
20
28
44
19
34
29
23
45
19
29
26
21
76
46
400
68
30
95
12
83
50
68
55
7
164
38
26
38
8
78
49
35
30
27
149
33
37
43
26
21
43
19
31
64
58
46
26
57
22
44
41
68
38
117
73
14
54
42
35
47
80
13
38
26
34
48
43
95
16
103
25
25
297
52
21
27
312
18
24
103
25
99
42
75
138
32
2
26
33
45
52
25
27
31
26
19
51
35
41
19
192
36
29
25
45
57
37
51
28
98
18
192
41
2
60
46
21
41
80
312
40
35
50
117
176
11
46
39
28
29
54
80
34
16
54
54
117
22
41
22
19
63
86
14
46
65
23
56
400
58
19
26
29
40
212
18
37
26
48
8
34
31
43
48
19
79
38
8
44
26
55
31
56
21
38
54
22
148
88
26
23
10
25
19
89
42
243
27
46
44
12
25
78
34
46
146
73
33
24
43
43
26
54
16
38
19
56
26
62
14
28
41
4
99
38
52
30
76
339
19
34
39
43
37
294
35
26
38
31
38
25
35
22
37
23
34
31
19
59
15
46
50
19
122
31
11
56
43
44
30
89
127
27
50
43
36
68
25
124
74
12
30
44
9
10
24
2
93
12
80
19
15
55
65
129
2
51
11
14
98
29
11
49
15
29
32
23
30
15
18
60
37
48
56
22
41
231
10
76
10
21
17
74
21
8
50
21
18
165
25
29
17
27
34
22
55
39
631
36
19
15
38
564
106
31
26
93
47
34
80
44
19
41
29
105
93
54
117
37
28
23
117
312
15
80
55
51
34
61
19
82
32
27
9
42
36
98
11
68
202
27
29
43
6
374
57
37
84
99
14
24
47
65
14
58
80
19
428
35
30
68
59
63
27
79
34
49
86
44
148
54
16
28
29
65
145
68
30
144
37
25
72
13
63
39
37
31
34
23
10
44
62
32
96
60
61
132
37
68
62
66
35
34
46
66
83
79
18
28
7
49
51
41
9
109
31
46
65
34
12
44
51
31
26
8
49
15
50
109
36
44
15
41
92
32
16
30
53
44
55
71
3
43
43
281
86
29
31
24
105
5
51
30
26
55
52
22
35
17
26
54
107
29
19
47
61
15
50
26
23
149
19
159
45
165
148
9
125
24
38
110
42
41
55
31
51
41
22
37
29
37
119
43
29
139
45
26
32
37
109
44
19
37
26
19
21
53
40
26
43
55
15
11
28
18
51
35
69
62
32
65
49
41
21
52
42
41
46
20
281
27
33
8
11
22
39
142
21
41
32
25
61
55
37
52
34
21
35
8
40
113
100
34
42
10
48
49
89
232
63
16
36
38
69
37
53
43
58
35
29
20
25
12
44
36
58
31
43
60
35
79
79
26
17
16
45
564
15
61
26
63
23
10
41
21
84
26
68
37
27
51
76
24
57
42
26
65
19
57
23
28
135
41
76
39
102
12
14
43
37
29
192
19
44
102
36
28
120
29
38
103
63
26
46
77
195
109
23
11
12
25
27
120
76
37
18
55
51
139
55
38
18
34
28
36
36
41
54
70
17
26
24
10
33
50
35
33
12
23
22
243
60
287
80
29
24
26
75
188
5
45
47
29
25
35
37
12
36
48
45
41
32
25
33
43
26
65
11
32
25
34
68
44
36
38
46
17
22
35
44
49
38
39
42
57
49
55
22
37
38
40
83
46
19
4
400
347
23
42
141
46
24
49
63
29
13
46
29
85
59
39
51
27
48
117
25
22
21
30
12
26
179
61
65
30
45
104
21
55
2
17
29
44
42
24
82
8
19
55
17
85
55
46
43
89
400
26
36
22
50
91
84
73
31
27
27
36
77
13
44
14
24
5
40
6
11
88
59
21
25
41
58
33
17
19
38
2
40
22
42
33
11
44
19
51
46
11
24
55
18
16
26
14
37
42
8
29
23
51
29
51
27
74
42
14
186
26
43
50
38
30
160
139
12
27
20
94
36
74
44
35
60
15
192
7
7
400
23
31
55
51
122
13
33
44
45
33
51
98
26
142
17
93
34
6
22
38
19
49
35
85
11
25
16
55
27
15
29
145
25
44
47
51
26
125
45
13
29
22
83
66
254
410
13
48
117
15
49
25
345
29
42
46
48
18
165
52
43
66
18
39
29
39
55
23
27
18
16
62
49
26
68
22
25
62
23
36
32
153
37
56
38
22
38
13
70
21
25
60
29
26
43
31
21
24
37
59
25
26
34
65
15
2
15
41
68
62
91
14
26
400
8
5
43
28
22
66
55
44
71
58
23
39
26
55
24
27
17
65
70
29
28
21
55
76
65
79
279
57
83
67
70
80
61
24
36
29
27
54
29
29
27
19
45
37
34
138
38
2531
49
23
18
32
25
30
32
127
5
61
11
29
37
28
59
24
26
41
42
211
48
41
56
36
15
31
21
66
55
19
56
65
27
113
19
81
98
28
86
39
69
125
400
79
47
60
15
43
41
19
29
31
39
46
148
90
17
35
108
21
44
42
17
61
39
22
50
76
14
37
30
31
12
102
36
14
50
20
59
51
24
23
55
59
57
222
26
26
49
13
26
26
85
22
79
44
30
90
33
60
43
13
55
222
34
16
24
68
96
29
50
31
6
15
60
51
19
48
18
15
10
133
33
35
64
4
23
49
38
49
8
35
15
40
43
139
27
13
26
44
38
43
30
30
22
41
22
50
24
14
195
22
55
84
31
41
73
59
24
34
72
36
27
43
14
18
19
166
41
34
55
19
45
75
31
68
41
34
32
107
41
33
18
28
33
20
32
55
93
65
155
28
33
39
75
70
56
19
44
26
7
85
37
53
79
49
93
26
39
35
75
31
33
22
70
36
19
99
43
36
32
26
29
49
49
68
31
22
34
75
246
46
104
51
42
243
31
35
56
73
25
26
15
27
65
56
31
4
56
55
254
22
45
44
35
44
42
331
85
19
23
19
26
20
17
281
19
34
18
19
151
37
826
33
27
44
31
17
49
31
43
24
44
27
14
62
65
23
33
400
25
32
138
63
25
43
331
3
44
22
36
42
155
59
42
22
22
24
61
8
41
25
34
85
42
79
41
25
45
19
60
34
141
34
39
73
55
68
28
23
35
24
29
41
36
49
26
42
52
61
43
26
49
22
43
10
22
18
44
141
43
38
25
19
19
28
25
30
25
82
25
38
26
19
35
30
44
61
39
60
117
80
29
52
37
29
180
32
62
138
67
21
36
14
34
92
23
70
16
94
54
57
49
21
14
27
52
102
9
55
165
94
35
40
22
69
19
36
19
65
47
42
21
56
11
46
24
57
116
14
25
55
23
50
95
67
86
354
22
22
374
22
22
9
12
57
2
46
19
86
44
46
25
16
33
32
35
55
16
28
40
49
29
19
37
28
26
36
39
22
26
25
65
18
92
50
8
27
26
35
9
29
24
14
297
18
95
85
33
145
66
28
39
19
4
20
100
28
21
17
26
10
24
26
26
65
32
27
26
54
37
39
38
25
12
16
217
52
17
31
34
12
108
8
31
55
29
25
16
68
3
33
29
38
21
12
12
26
155
73
29
80
68
45
83
93
38
20
19
29
60
83
29
36
21
27
45
39
66
76
1
39
75
13
98
13
36
121
65
88
24
41
36
57
34
37
32
37
39
11
15
29
46
46
50
13
46
49
113
77
20
49
13
35
58
60
117
19
36
26
