2
2
6
2
5
5
4
2
1
17
12
1
2
82
17
1
5
2
1
2
3
2
2
1
38
11
2
4
1
2
2
1
16
2
2
1
1
5
2
206
107
7
3
1
2
7
2
2
5
2
126
22
2
1
57426
1
1
9
1
1
1
3
2
41
1
3
1
2
9
1
2
64
1
1
327
2
2
7
1
1
10
8
17
24
1
9
7
2
3
2
5
399
6
2
9
4
3
2
5
9
23
2
3
2
28
31
1
25
7
7
2
13
3
7
3
2
2
8
2
2
1
2
31
2
1
22
19
1
150517
8
104
10
2
16
7
1
21
3
1
6
1
5
1
15
2
1
4
1
1
4
2
8
1
1
2
1
1
1
11
2
963268
3
2
5
27
2
2
9
6
13
1
6
38
2
1
2
722
17
5
2
1
2
1
4
3
6
1
3
1
4
2
2
6
1
3
1
4
2
1
3
6
22
1
1
3
1
1
3
2
6
2
3
2
2
1
1
3
2
2
4
2
2
1
2
1
167
5
1
6
4
1
3
3
1
127
2
5
15
1
1
2
32
2
2
1
3
7
2
2
122
12
1
4
4
5
4
9
2
3
3
1
1
1
2
59
3
3
37
1
4
60
2
20
1030
3
2
2
10
51
1
12
6
2
1
1
47
15
9
7
1
64
76
50
2
2
1
15
2
1
1
1
8
1
4
3
10
2
4
1
2
1
2
9
1
3
8
18
3
2
8
1
1
4
184
1
1
3
2
13
3
19
1
11
2
3
78
7
2
18
2
4
7
2
2
2
1
1
2
1
8
1
2
186
2
634
4
2
1
2
1
1
17
4190
11
4
1
2
2
51
7
39
11
1
2
2
35
74
2
3
2
3
13
2
62
1
2
28
17
1
12
5
2
1
2
1
1
266
1
2
2
4
10
3
1
1
2
3
4
2
7
7
38
51
1
73
3
2
8
7
2
4
2
7
4
33
2
1
45
1
3
17
33
21
1
4
21
296
58
12
7
5
2
1
5
3
2
1
2
5
2
42
227
4
2
2
326
7
1
1
1
3
16
21
2
2
4
1
1
2
2
130
6
1
2
1
1
11183
3
265
21
1395
6
1
2
5
1
2
2
4
139
3
3
3
21
1
1
10
1
1
2
14
3
2
1132
46
2
2
3
14
1
4
1
1
30
2
10
3
980
7
41
172
161
2
9
3
1
13
35
27
4
3
2
13
108
31
80
6
64
13
1
11
17
2
164
2
12
7
5
3
4
33
4
4
1
2
9
32
3
1
2
2
5
112
2
32
2
1
4
4
1764
221
2
1
2
2
3
2
66
3
25
18
2
1
3
2
40
11
61
1
24
3
1
15
2
27
2
2
1
2
1
1
11
5494
1
2
19
2
649
16
2
12
21
89
6
270
1
3
3
6
1
2
4
3
15
1
1
1
9
1
4
7
1
9
3
1
7
3
3
1
148
5
3
1
2
1
2
2
2
1
29
3
52
8
2
3
2
2
1
183
3
6
3
5
2
4
65
5
5
1
4
8
2
1
211
2
79
3
8
2
24
2
2
4
27
103
1
4
11
7
7
20
1
24
1
1
2
9
2
2
1
3
1
2
21
1
2
25
1
4
2
3
2
3
2
2
1
5
3
2
3
7
2
1
1
929
1
6
1
3
2
70
2
2
1
32
54
2
67
2
4
2
2
1
5
2
2
21
21
5
1
74
125
5
4
5
80
3
3
96
3
175
1
4
27
1
4
13
1
17
2
1
2
1
1
6
2
3
2
13
3
1
12
61
29
6
3
16
2
1
100
2
4239
6
3
13
4
16
7
1
2
10
1
3
3
1
3
3
2
2
151
2
3
8
3
1
1
1
2
1259
2
4
166
3
1
3
2
220
4
1
2
1
4
6
3
10
243
1
20
14
5
1
1
3
125
1
35
2
12
20
1
3
4
2
2
2
12
13
63
32
1
2
1
2141
3
101
4
5
3
3
1
2
1
34
1
9
12
2
4
1
6
1
5
1
56
10
97
4
19
30
1
1
2
7
15
6
1
47
4
1
2
1
1
99
2
55
3
2
15
35
9
2
1
2
6
3
3
2
3
2
1
3
1
3
4
5
3
47
2
1
6
2
2
5
43
1
4
2
5
1
5
27047
3
5
2
4
2
2
2
6
22
3
13
2
2
41
1
2
2
5
2
2
3
1
2
2
2
1
2
2
2
6
2
2
6
2
1
53
22
8
8
13
2
4
18
2
11
16
1
3
93
2
2
13
2
4
2
2
3
3
16
3
55
28
1
46
60
11
16
2
2
2
2
5
11
171
442
1
49
103
2
2
2
10
1
5
1
216
9
286
1
2
3
8
21
2
33
5
1
2
2
2
2
28
2
6
1
13
2
4
1
24
2
4
2
2
2
9
1
4
2
3
4
15
2365
5
11
2
3
1
3
1
2
2
154
1
2
1
5
5
2
2
1
1
1
13
1
546
12
58
3
3
3
2
4
3
7
2
2
1
371
64
2
3
2
1
6
2
5
1
12
2
88
367
17
2
1
2
13
2
3
10
41
3
2
4
33
1
1
4
14
12
2
2
1
1
686
1
4
2
6
2
3
5
1
1
2
2
77
4
1
1
1
2
1
45900
1
3
2
13
3
10
2
2732
2
2
2
8
1
12
2
2
1
173
161
4
130
4
1
16
11
57
1
20
35
6
8
1
2
15
3
1
1
2
53
2
30
1
1278
2
2
2
5
30
2
3
5
9
1
2
2
7
3
7
17
1
5
3
4
1
1
1
2
1
11
5
2
2
2
1
1
10
2
2
1
6
2
220
10
2
1
19
4
77
4
2
816
2
7
2
1
6
2
24
2917
1
2
88
1
49
1
3
1
1
4
1
1
1
3
3
5
2
2
20
1
1
2
69
5
65
12
3
3
2
1
1
1
1
8
2
1
7
6
3
18
617033
33
83
1
2
1
1
2
1
4
4
1143
9
1
11
6
8
4
2
11
1
2
7
20
6
8
83
4
11
54
1
29
63
1
1
1
3
9
2
67
4
3
4
2
3
22
3
1
40
1
1
17
2
3
16
1
4
1
3
4
3
22
3
1
2
5
4
9
15
1
3
7
15
3
2
12
3
3
17
2
1
8
3
2
7
1
3
203
2
2
4
3
486
3
2
2
2
3
2
2
2
1
1
1
7
1
1
4
32
2
1
5
2
2
2
6
1
1
2
5
2
1
2
1
24
8
2
1
1
29
67
23
2
6
4
3
5
5
18
3
1
4
4
107
5
3
5
1
1
2
3
2
9
1
5
2
2
2
8
17
3
36
3
6
38
4
2
9
1
1
1
16
1
14
4135
6
17
18
1
1
2
12
32
6
1
2
4
5
1
1
2
1
8
80
3
3
1
3
10
10
1
1
6
27
3
189
140
2
1
1
4
2
2
1
3
65
1
1
6
12
858
5
1
2
2
1
2
1
1
3
4
10
3
15
4
2
4
4
1
2
5
1
156
1
4
26
2
1
3
5
9
2
2
3
2
36
7
2
1
3
6
3
18
2
18
6
59
1
3
1
2
483
2
1
31
6
10
3
14
3
1
3
2
1
2
2
2
4
8
1
3
2
2
1
2
1
2
2
1
5
5
1908
5
5
1
15
260
4
2
1
2
4
2
12
1
4
33
7
1
2
1
7
6
1
3
2
2
5
9
3
5
2
1
1
1
1
5
1
9
12
2
6
2
9
12
3
3
1
802
1
71
106
2
4
3
10
1
3
4
3
1
10
1
3
4
1
1
1
1
1
5
2
28
2
53
5
126
2
24
3
3
1
5
13
2
33
4
1
4
1
8
5
2
15
1
2
1
2
7
3
2
4
38
2
16
26
1
4835
2
10
5
39
3
17
1
20
2
3
1
5
57
2
5
3
4
1
12
2
17
2
2
4
4
7
3
18
91
1
3
2
4
11
6
3
2
3
13
6
1
2
5
1
4
9
8
40
2
12
1
5
337
2
1
7
12
1
1
16
1
1
60
9
76
2
1
4
1
173
1
5
4
5
2
1
1
3
2
46
1
11
4
2
40
4
1
6
4
2
1
1
2
3
3
2
1
3
1
25
1
4
5
4
14
31
1
250
178
3
175
1
29
2
5
6
1
11
2
2
178
6
1
194
1
1
3
20
3
4
35
14
9
3
3
2
8
2
57
2
2
5
14
2
1
2
1
4
43
2
2
2
4
4
1
1
2
6
1
1
12
3
12
57
2
2
1
1
3
5
1
3
1
104
20
1
3
5
9
2
5
140
15
3
6
1
3
13
3
17
2
1
5
3
3
4
17
16
2
1
277
2
2
2
5
2
6
1
2
3
2
1
4
18
1
2
56
12
27
8
1
1
7
37
3
1
2
9
1
7
2
12
2
2
2
2
6
2
1
3
167
3
22
1
67
17
46
4
1
3
12
2
1
5
1
55
3
1
5
3
5
3
9
13
16
10
107
3
1
2
1
90
2
109
104
8
1
2
3
3
18
8
2
3062
232
11
6
1
9
2
4
2
1
12
9
49
1
2
5
1
20
1
2
2
2
5
29
1
106
9
8
19
1
384
1
2
1
10
5
3
62
3
4
18
6
1
1
1
2
319
2
1
1
23
15
2
969
1
23
2
2
3
1
2
1
1
3
1
4
28
20
7
4
1
2
5
2
7
2
5
2
13
3
2
4
3
7
16
1
1
7
3
2
2
1
4
2
5
6
6
4
3
4
4
3
1
1
4
5
2
1
8
2
2
60
15
50
5
11
2
1966
84
3
3
48
4
1
2
13
2
21
247
28
25
1
3
1
20
1
26
28
1
1
3
18
5
7
46
2
139
4
2
2
1
2
3
36
36
1
7
17
3
3
1
10
2
1
1
7
2
2
3
5
5
26
4
13
2
53
1
22
2211
1
11
4
2
2
31
8
5
8
5
7
1
4
1
18
17
1
3
4
2
7
4
2
2
2
6
30
2
1
33
3
12
153
1
16
2
224
5
23
5
1
2
2
2
1
2
25
95
2
290
30
6
3
6
3
1
17
24
2
5
2
1
133
2
2
5
1
3
1
1
50
2
4
2
1
1
11
7
82
2
1
2
1
2
14
1
47
2
3
1
1
2
6
2
2
10
3
9
6
39
5
3
5
8
101
2
1
4
14
2
3
4
2
182
5
1
2
6
1
9
223
47
24
5131
8
3
31
1
2
2
3
2
11
31
2
108
8
13
6
2
1
2
1
2
463
30
7
1
9
1
2
1
1
6
6
20
4
2
10
7
7
5
3
1
5
3
1
58
175
2
4
2
1
4
2
12
4
22
1
1
4
11
8
3
4
159
3
3
8
16
3
53
2
8
1
5
14
2
1
1
1
1
1
1
1
2
34
6
3
1
2
1
3
3
5
1
2
3700
4
7
1
2
20
2
1
1
161
2
8
2
3
2
6
1
2
93
1
5
10
1093
1
1
6
2
89
88
1
2
2
2
4
3
4
2
7
3
4
20
24
8
2
1
1
5
929
422
2
1
1
5
2
4
2
8
49
1
51
4
77
2
4
21
11
2
1
4
2
9
3
2
3
6
4
3
2
2
2
2
4
2
4
1
7
47
12
18
2
1
5
3
79
2
2
26
1408
1
10
1
27
16
2
1
9
10
10
50
9
17
14
85
3
2
5
7
1
2
9
4
2
3
2
32
1
12
2
2
2
41
3
1
21
2
14
3
8
3
1
8
9
14
2
1
1
2
15
1
4
27
59
9
53
3
11
2
21
107
2
1
23
161
1
4
303
2
17
1
6
3
2
22
1
26
3
4409
2
14
3
2
412
10
10
3
3
1
2
4
2
3
2
8
1
2
63
2
3
9
2
1
20
2
2
156
4
5
3
15
1
1
47
3
4
2
9
4
1
3
7294
1
6
1
2
1
1
4
5
6
3
3
2
4
11
2
1
1
14
5
5
1
1
6
2
16
2
1
1
2
3
2
2
2
1
1
72
9
2
1
2
2
6
2
6
2
7
6
4
2
1
2
24
3
84
1
1
2
2
2
2
1
7
2
2
118
523
17782
1
1
1
103
47
3
6
5
2
1
1
2
3
2
2
4
4
1
2
1
2
3
4
4
3
1
2
19
1
76
12
1
10
3
2
3
2
230
2
1
6
8
8
1
2
4
10
3
9
4
6
2
5
1
2
17
13
2
2
5
1
1
10
2
950
2
17
9
2
1
4
914
7
17
1
3
50
3
5
5
3
1
2
37
1
110
9
6
2
1
2
2
1
3
31
5
7
2
3
1
6
3
3
2
6
40
1
15
47
26
1
52
15
2
2
30
2
4
2
14
4
1
32
4
6
139
4
13
1
49
79812
1
2
3
10
3
3
14
4
2
1
1
1524
2
1
3
7
31
121
1
4
1
4
2
1
107
13
2
9
2
26
5
1
2
586
2
1
4
1016
2
1
1
3
11
12
26
2
1
3
2
2
4
3
1
11
1
20
5
1
168
1
1
1
3
3
6
2
259
5
2
242
1
10
47
1
7
1
2
4
1
7
1
13
2
7
6
3
1
1
78
1
45
8
5
3
6
14
27
1
3
3
66
22
2
3
9
4
15
42
2
4
35
4
26
4
1
43
1
2
14
1
34
17
5
5
2
3
1
3
12
4
1
1
48
3
13
9
32
3524
6
4
15
1
2
16
2
2
262
4
1
3
2
1
90
1
29
1
1
2
1
1
2
2
10
6
5
34
1
16
4
3
1
3
6
8
2
1
2
89
1
3
5
3
1
4
557
7
1
3
3
1
7
2
180
1
31
6
1
1
1177
2
1
2
13
2
1
2
46
4
1
1
2
6
2
18
2
1
2
6
29
1
11
1
1
1
2
3
1
33
2
1
1
3
1
4
11
4
1
2
11
2
4
2
8
1
20
5
18
1
4
3
24
2
25
6
2
5
1
1
11
3
2
12
2
3
1
17
6
3
24
16
7
3
1
111
2
1
21
1
2
5
6
26
4
12
2
4
7
7
5
2
283
17
1
3
1
2
4
3
7
3
1
6
2
122
1
23
5
2
1
3
1
3
1
1
4
4
2
2
2
4
1
296
6
8
16
2
1
1
48
2
4
238
86
2
8
1
1
8
3
2
1
1
4
6
2
53
20
352
3
3
3
3
5
1
2
1
1
1
15
73
15
2
3
17
2
3
2
24
2
2
2
2
42
70
16
3
2
11
2
130
4
1
10
6
1
1
1
2
16
1
122
15
43
2
3
14
1
38
5
9
411
28
2
2
75
1
2
2
5
25
3
2
16
1
3
8
2
1
2
1
1
45
1
2
4
5
4
1
1
101
2
3
9
1
4
1
1
2
1
7
1
1
12
8
6
3
12
96
1
26
1
1
6
6
17
11
10
2
2
5
2
34
89
2
11
5
4
2
2
2
2
4
13
1
5
1
2
2
2
2
192
15
2
31
8
1
29
2
18
1
2
3
65
1
2
3
2
5
3
454
1
38
2
7
2
2
1
11
11
436
2
4
3
3
8
2
1
1
2
1
1
1
125
3
7
9
1
1
26
2
10
5
4
1
2
3
7
3
9
2
1
6
776
1
13
2
2
10
4
8
2
3
4
1
2
5
24
2
64
81
8
2
418
2
4
193
9
2
1
9
238
1
1
1
1
1
3
3
1
3
3
6
4
9
6
4
3
1
183
1
16
5
2
9
1
2
4
2
2536
4
42
1
2
2
1
1
29
77
2
7
3
416
3
6
3
1
11
7
2
11
1
2
1
2
2
4
3
159
69
6
2
2
7
2
25
40
353
2
55
1
5
21
6
6
6
14
3
2
162
8
2
8
2
1
3
1
1
2
1
2
75
6
149
7
2
2
4
148
2
2
202
3
4
1
2
5
7
2
751
58
1
4
65
1
2
4
1
2
3
146
1
4
2436
6
40
4
5
2
11
3
1
4
1
3
3
12
3
1
3
12
1
4
3
21
108
1
2
7
8
17
82
4
2
2
5
3
5
1
2
2
2
6
34
62
1
1
2
4
2
1
5
5
5130
13
3303
2
1
2
4
1
21
2
3
2
5
1
1
2
43
3
1
2
6
9
8
254
1
2
1
6
2
1356
3
16
15
1
3
2
181
2
3
1
2
4
9
94
2
1555
1
5
4
233
10
4
2
2
4
100
2
5
4
92
2
21
1
4
92
3
5
1
2
7
5
3
2
6
7
1
2
1
1
1
4
3
6
4
36
2
2
1
4
1
4
5
1
165
8
2
1
1
3
4
3
15
3
25
1
1
2
1
2
2
8
1
3
1
3
30
19
4
2
117
6
2
3
4
1
3
2
11
2
1
2
4018
2
5
39
2
2
2
71
1
2
2
2
10
1
1
21
1
5
1
2
11
2
4
1
3
2
3
2
6
1
1
2
1
4
4
5
2
2
2
6
6
2
1
13
1
31
2
14
67
44
4
2
4
6
1
2
1
4
10
5
6
37
5
3
2
3
5
2
5
45
1
1
13
11
1
30
7
2
1
3
3
3
1
1
102
6
23
2
7
1
1
194
2
6
3
16
2
1
1
4
6
2
5
52
1
12
34
1
2
5
5
47
51
5
2
3
2
2
11
3
12
1
2
3
229
3
3
2
9
4
1
3
23
1
3
2
15
1
1
2
8
2
69
1
1
1
3
6
4
1
8
1
1
2
1
39
2
10
1
1
15
1
1009
1
3
4
2
1
2
4
1
1
11
1
4
38
1
315
2
3
8
9
1
6
2
4
38
2
2
127
5
7
1
5
24
4
2
2
2
3
1555
4
1
2
295
1
3
13
4
2
4
57
586
4
2
2
1
3
1
6
1
2
1
1
2
4
1
1
2
115
4
2
28
115
1
1
3
5
5
257
1
6
5
14
13
18
2
8
2
2
9
2
2
2
2711
2
1
4
2
1
1
17
11
80
2
1
4
8
152
6
5
2
21
18
9
2
1
2
4
1
1
84
8
2
2
4
5
2
7
9
20
2
2
3
11
2
4
2
4
609
6
9
1
7
1
18
4
2
2
2
337
7
1
4
5889
4
7
6
2
1
136
100
235
1
1
3
4
3
1
3
2
15
4
9
1
10
4
19
2
621
1
2
1
2
6
2
9
930
10
1445
2
3
3
1
13
8
1
2
2
1
3
1
2
2005
12
5
1
5
1
20
199
2
2
4
2
11
2
2
2
1
15
3
1
2
79
3
2
238
6
9
4
2
2
2
15
13
1
2
1
3
14
3
1
1
1
119
16
5
4
5
1
3
1
1
1
36
173
2
4
1
13
1
2
3
4
7
1
6
2
2
1
30
21
2
1
1
1
2
635
36
1
3
3
11
3
1186
1
31
2
1
1
3
1
4
1
3
2
3
2
2
1
3
1
3
6
2
3
3
2
1
2
4
34
1
3
2
1
5
23
9
2
1
13
17
70
2
6
1
6
146
6
2011
1
1
1
3
8
2
2
5
7
32
1
4
2
1
6
2
6
6
26
1
4
1
39
1
7
1
1
4
1
11
2
20
3
34
2
17
105
2
4
28
75
2
9
3
2
1
1
6
1
13
3
8
68
5
6
50
36
1
1
7
71
1
29
2
316
13
2
7
2
1
1
7
65
11
5
1
2
3
3
2
1
4
2
2
1
41
39
1
1
1
1
3
1
1
2
2
78
124
1
7
2
4
20
3
1
3
5
1
103
874
32
2
3
1
3
4
5
1
60
3
1
9
276
36
173
4
1
3
3
3
2
6
76
3
13
1245
3
3
1
2
52
3
35
15
5
2
1
3
7
2
3
3
4
13
973
3
1
12
5
2
9
2
2
40
106
2
3
1
6
2
3
3
1
2
9
1
4
644
1
2
1
36
9
12
3
30
1
2
5
4
3
1
813
4
6
140
3
144
8
6
1
47
2
1
1
1
1
3
1303
2
1
3
1
2
28
4
8
27
6
3
1
2
1
5
2
205
1
9
7
12
2
8
3
1
1
4
1
5
2
1281
7
6
6
8
3
3
1
14
2
3
2
572
9
1
1
1
3
12
2
1
6
2
2
1
1
20
3
3
2
6
6
1
1
1
2
1
1644
2
3
2
35
1
2
1
7
92
23
1
2
6
1
4
2
1
6
6
3
5
2
177
38
5
27
2
2
6
2
293
2
1
1
14
12
2
378
1
1
1
1
309
1
8
4
35
1
2
3
5
2
5
12
7
4
1
3
2123
36
2
1
4
2
4
1
47
3
11
5
3
1
2
1
2
103
2
121
1
3
10
5
30
18
4
6
6
2
2
4
1
1
8
7
6
1
1
2
2
12
4
2
1
4
1
1
5121
7
2
1
2
12
1
130
1
57
2
3
69
1
2
1233
1
1
3
1
25
4
17
5
1
4
7
11
1
6
1
6
11
2
2
7
144
2
1
2
3
27
1
4
15
2
1
70
1
1
97
1
5
10
21
66
8
3
2
1
146
2
7
16
3
7
12
2
2
1
2
59
1
2
10
9
16
2
57
1
88
2
1
2
2
33
60
7
2
3
2
25
6
5
4
2
1
4
48
10
2
2
1
1
1
2
1027
2
4
5
7
6
2
12
2
4
63
1
1
5
3
3
48
6
1
1
1
1
98
2
3
3
2
2
22
2
3
73
2
20
2
3
5
37
3
6
1
2
48
1
1
17
9
3
3
1
7271
1
2
3
1
3
8
12
115
1
5
1
3
13
17
8
5
43
6
2
1
2
2
5
3224622
1
82
2
5
4
32
8
2
10
12
25
2
11
2
21
8
16
2
33
2
19
2
26
3
54
442
2
2
10
1417
5
1
1
2
1
7
18
2
3
10
234
33
14
3
2
5
1
2
14
1
3
2
168
4
3
10
1
1
2
4323
2
8
1
1
17
1
6
35
467
8
21
1
5
2
4
1
2
1
1
2
12
3
3
1
3
17
3
9
17
6
1
54
8
15
4
4
2
224
1
1
2
2
14
11
9
1
1
8
1
2
3
1
9
2
2
5
2
13
5
4
2
14
8
1
76
3
85
1
5
3
1
47
3
1
172
5
56
1
4
4
3
1
88
3
1005
801
942
94
1
3
2
2
4
1
21
2774
12
15
39
2
4
1
3
45
4
1
36
1
2
12
1
1
1
3
1
14
2
5
1
2
1
5
4
3
2
1
9
11
1
1
21
3
4
8
1
79
547
56
3
5
4
1
2
165
2
1
2
2
15
1
6
1
18
4
10
6
3
2
4
29
37
1
1
1
13
3
2
1
6
1
3
3
2
1
2
3
2
40
158
4
5
4
1
9
4
2
29
2
1
4
1
2
1
28
3
3
1
2
3
3
5
2
2
1
7
4
3
2
3
77
5
2
1
1
1
1
5
2
3
3
2
122
5
25
2
1
4
4
1
2
1
1
2
1
9
8
2
1
1
2
2
9
4
1
1
3
3
1
1
21
2
7
1
1060
1
4
1
4
3
1
22
5
2
8
3
1
68
1
1
2
2
1
5
4
1
53
2
5
3
2
2
1
2
2
1
2
1356
1
1
1
3
3
16
2
1
2
2
2
1
8
17
2
2
80
2
2
4
2
5
1
3
1
2
3
12
6
2
13
5
1
3
2
2
2
8
1
1
1
7
3
4
4
1
4
149
1
4
8
2
1
2
2
18
7
77
1
3
3
7
1
2
2
2
1
1
2
1
12
5
8
4
2
400
1
3
2
3
1
8
2
55
2
8
1
2
3
6
1
1
20
5
1
3
5
15
2
2
1
4
8
7
2
4
1
11
1
9
4
7
2
4
29
2
1718
2
2
22
25
85
8
1
1
1
6
1
2
1
21
12
2
1
12
1
28
1
11
13
44
11
20
2
4
5
1
2
62
3
5
3
2
2
1
9
2
1
1
11
8
2
1
2
4
2
4
5
30
3
3
1
1
3
1
1
1
6
4
1
2
159
68
9
4
1
3
1
3
3
10
1
34
2
3
2
8
2
1
2
1
4
541
157
2
4
12
14
2
34
1
5
1
3
2
1
21
7
13
1
1
6
5
2
2
9
11
1
3
11
2
18
2
2
6
6
16
4
1
12
8
1
4
2
2
23
5
1
9
1
5
3
190
10
3
3
3
5
1
10
5
2
2
4
8
10
2
6
1
1
13
2
4
2
50
24
8
1
3
4
1
3
339
1
2
3
2
1
6
1
4
2
2
2
3
1
17
1
799
3
4
3
1
174
33
27
12
4
2
8
2
2
4
10
330
2
368
11
14
2
12
9
7
1
12
15
27
25
11
2
11
1
2
1
4
482
3
2
33
3
1
1
2
1
2
2
2
1
3
2
3
13
3
1
4
12
4210
5
2
2
1
2
49
39
3
11
3
4
13
4
234
2
2
9
2
2
28
1
1
10
1
3
354
2
22
2
5
1
4
15
1
4
5
7
2
4
9
3
2
2
3
79
1
1
2
1
4
4
10
1
1
16
1
4
1
3
3
2
7
1
7
1
30
1
2
56
3
12
1
2
1
41
11
7
1
1
1
3
1
13
7
2
1
2
16
2
2
2
417
3
5
4
6
205
1
2
2
14100
2145
1
4
4
1
5
1
1
136
2
1
371
1
3
9
11
1
2
484
1
3
5
18
2
5
2
1
4
2
1
1
1
14035
5
2
5
86
2
2
2
16
1
4
6
1
1
23
3
2
1
2
10
15
1
6
1
1
4
1
5
9
2
2
2
1
40
1
90
2
2
1
7
9
11
5
65
25
2
1
3
109
14
1
2
102
2
5
55
3
1
3
2
27
4
1
2
22
2
6
2
1
6
2
4
31
4
2
21814
5
20
21
1
20
8
2
26
36
1
1
8
2
1
13
10
1
32
3
3
3
12
14
2
2
14
2
3
18
28
221
7
4
1
2
5
2
1
6
1
3
5
3
3
3
5
2
1
5
1
1
17
2
3
1
1
8
2
1
5
3
1
4
6
4
36
5
17
5
2
2
2
2
2
3
2
1
2
3
18
8
2
2
1
5
6089
8
24
4
16657
6
1
14
15
1
1
8
1
2
6
78
8
3
20
3
2
2
2
3
7
1
7
14
5
1
2
1
4
1
2
7
5
94
5
2
10
1
1
2
23
1
42
4
1
12
4
2
3
2
2
7
2
3
3
1
5
3
1
5
10
2
58
32
2
7
3996
4
2
7
3
5
2
2
5
11
26
4
1
2
2
6
237
10
1
3
10
2
97
3
96
37
7
2
3
2
1
1
9
1
1
6
2
1
5
3
4
2
4
2
6
10
8
3
1
1
8
1
6
4
4
19
5
4
1
2
1
3
1
243
3
1
2
2
1
2
15
2
2
6327
2
1
3
2
22
2
203
6
7
4
1
3
4
13
3
5
5
14
4
1
25
2
60
33
3
2
238
7
3
7
1
1
1
17
1
2
2
2
1
4
2
2
5
43
21
2
2
636
10
8
5
1
8
9
1
2
4
5
3
73
1
17
1
120
1
10
4
6
1
28
1
1
3
5
266
9
1
1
63
2
2
825
2
3
1
1
1
44
1
1
2
20
15
3
7
1
2
1
12
1
3
1
3
3
10
1
577
16
3
2
2
1
2
7
2365135
19
6
2
3
2
1
4
2
6
2
1
4401
10
4
3
12
11
79
4
1
2
54
9
3
1
25
2
1
3
2
3
9
5
2
1
5
5
1
1
1
3
1
5
4
6
6
5
21
2
8
2
1
39
1
6
1
1
1
2
2
1
27
2
10
1
1
3
14
7
20
5
15
33
1
2
4
5
1
18
9
78
1
2
1
16
1
8
2
16
2
4
2
2
2
1
2
27
1
1
13
9
4
1
3
10
1
1
2
77
3
11
1
1
3
1
3
1
1
67
1
11
1
160
6
3
1317
13
1
1
6
1
2
13
10
2
1
2
10
2724
56
1
12
6315
1
365
1
1
2
4
5
16
1
3
1
2
1
1
1
40
1
3
3
2
2
8
83
2
2
659
14
6
4
208
1
210
51
117
1
1
254
2
334
2
85
19
1
2
71
2
12
6
2
1
2
2
4
727
102
9
2
2
3
1
2
57
24
209
5
256
57
13
5
494
486
2
6
7
12
8
2
2
7
5
48
3
257
2
3
868
1
2
3
1
1
15
12
1
25
2
2
2
12
2
11219
3
101
1
1
4
2
3
1
7
22
1
1
4
36
9
7
14
4
11
36
2
5
2
5
3
1
2
3
5
2
2
2
1
3
1
32
2
3
3
5
172
41
16
1
38
1
4
3
2
9
10
8
109
1
7
4412
11
1
3
2
363
7
1
1
2
2
14
3
9
1
20
1
6
6
3
17
1
31
1
2
1
1
2
2
6
3
100
4
4
31
2
2
1
3
67
18
3
5
2
2
5
7
2
16
2
3
23
17
1746
1
1
5
8
5
2
157
5
18
1
2
2
2
3
1
1
2312
3
1
1
7
7
1
1
3
2
4
4
13
5
3
1
17
2
7
21
14
1
2
1
7
1
3
1
1
1
3
3
22
230
3
5
3
5
22
28
148
14
7
24
9
11
16
7
2
1
4
27
3
1
2
3
10
1
2
5
1
2
19
15
17
113
1
3
3
2
8
37
7
1
15
1
3
1
2
12
48
1
3
2
102
1
2
6
2
17
5
1
2
3
1
7
4
3
3
11
1
289
2
2
2
3
2
22
3
64
1
3
15209021
47
17
2
2
1
19
30
1
6
5
1
934
6
1
4
1
571
4
4
4
23
3
16
5
14
1
34
1
1
6
3
5
12
14
3
14
28
1
6
1
2
2
1
2
2
16
1
5
2
121
42
2
2
5
2
192
59
6
2
3
8
2
742
3
24
88
10
4
17
16
2
6
4
2
1
10
2
3
14
2
28
2
25
2
3
1
5
2
2
40
13
13
2
139
1
2
2
40
2
1
1
1
1
4
1
5
4
1
1
1
1
6
203
18
8
10
19
2
2
1
3
17
6
4
12
4
12
20
1
3
2
24
2
1
1
2
13
2
2
21
3
2
1
1
5
2
32
2
24
1
2
18
11
216
2
1
50
2
1
7
1
9
2
61
6
24
3
3
2
1
3
2
35
3
5
2
1
33
2
7
11
8
1
4
1
3
85
1
4
3
3
4
14
1
121
7
33
46
2
20
2360
2
301
1
239
1
20
15
4
8
8
2
5
8
2
3
2
8
1
8
4
4
446
4
2
2
2
1
11
4
1
17
1
2
5
6
9
4
18
12
7
3
3
6
4
5
20
9
2
2
2
10
6
4
2
7
1
1
18
11
1
99
7
4
1
3
9
1
3
47
1
4
3
1
2
1
1
6
2
1
1
112
2
6
7
1
1
11
16
1491
39
4
98
2
3
2
5
5
3
1
1
1
3
3
1
2
84
1
10
8
3
8
5
1
2
3
2
1
1
3
1
2
6
1
4
2
2
17
9
19
2
2
1
6
17
11
6
150
1
3
4
31
2
170
1
3
2
37
5
175
20
3
346
7
138
2
2
955
13
3
16
3
3
3
1
1
4
23
15
2
3
4
13
33
12
7
819
3
2
1
3
22
1
1
60
47
1
3
16
1
8
3
2
1
2
1
2
2
22
3
3
4
1
16
92
2
3
2
10
5
9
1
1
1
5
5
1
8
1
2
2
6
12
158
6
12
1
2
15
3
1
2
4
4
3
1
52
1
3
2
1
293
1
19
60
4
2
4
2
12
1
1
7
1
1
28
3
2
264
2
34
3416
2
2
8
1
15
1
1
10
6
3
26
1
2
5
314
15
16
5
6
3
2
4
10
6
8
1
12
3
4
2
3
2
10
31
1
4
2
2
4
24
2
1
3
3
2
172
6
2
1
1
3
2
2
9
2
9
4
2
2
1
4
2
2
145
41
1
35
63
37
1
6
4
3
6
4
1
3
2
2
16
45
5
2
4
2
2
1
2
2
2
20665
2
1
2
1
12
16
47
20
2
1
4
2
47
3
80
450
83
1
4
6
2
3
6
2
2
2
3
2
68
2
18
1
2
1
2
17
2
4
15
14
6
8
1
2
1
1
8
2
2
1
1
1
2
165
1
2
2
3881
3
1
28
617
2
2
2
9
6
1
2
1
60
37
1
17
1
3
1
26
87
3
3
2
1
2
116
23
2
2
1
1
2
1
2
10
1
1
3
1
25
2
2
7
3
8
1
1046
8
2
7
2
9
13
5
7
2
1
4
7
2
7
2
40
2
1
17
3
4
1
1
5
3
129
2
26
1
18
3
25
15
5
2
2
14
1
8
1
2
3
6
3
6
5
1
3
2
1
5
2
3
1
7
1
2
3
2
22
23
1
1
3553
2
9
3
2
2
8
1
2
12
2
16
9
2
11
3
8
78
1
1
1
4
2
1
7
3
9
2
1
21
2
1
1
1
1
6
3
2
1
67
18
5
13
1
2
4
3
8
16
18
2
2
2
16
32
12
4
1
2
7
16
4
1
112
11
3
2
8
3
3
2
2
5433
1
3
1
1
10
2
1
2
2
11
1
2
2
81
1
1
1
2
2
3
2
2
52
3
5
4
6
33
11
26
5
2
1
2
1
1
2
2
4
15
2
7
4
3
4
3
10
1
2
43
22
6
1
1
2
99
2
4
3
1177
3
3
33
2
1
4
1
13
1
8
2
2
1
1
13
62
1
229
23
1920
1
2
26
1
2
37
3
1
242
2746
2
3
3
385
3
2
2
14
97
26
1
2
8
3
1
89
1
5
2
3
7
2
155
1
3
6
2
1
7
7
3
2
16
5
1224
1
12
30
2
1
5
12
5
3
3
3
2
1
1
6
1
1
4
11
15
14
3
2
1
2
1
4
3
235
1
2
2
3
1
2
1
2
1
1
10
1
1
1
1
1
114
47
5
2
12
5
5
3
2
2
2
18
1
3
2
102
14
14
2
2
42
15
9
4
4
5
86
30
8
1
1
3
5
7
2
5
2
1
14
24
6
1
2
2
9
2
1
2
2
1
3
2
41332
2
1
33
2
1
4
78
1
3
1
25
1
2
6
8
3
66
2
3
4
128
2
2
531
4
15
79
1
12
1
4
34
1
3
6
4
2
35
2
1
3
2
1
61
10
70
8
4
1
1
14
3
3
1
1
3
16463
46
2
18
63
5
1
125
548
1
17
6
1
3
3
2
4
6
8
1
2
4
1
6
56
63
3
478
7
4
1
1670
1
2
13
4
2
10
1
171
3
1
2
2
70
4
1
3
5
2
3
12
2
168
8
4
8
3
1
1
1
234
13
167
10
1
6
1
21
6
7
1
2
103
2
3
2
2414
1
1
2
1
1
71
27
304
6
2
1
5
1
2
1
2
2
2
1
1
71
3
2
4
81
4
5
11
1
2
27
6
1
1
13
461
2
1
22
4
140
18
2
2
2
3
20
42
6
2
2
13
2
2
5
1
4
1
3
2
461
2
4
1
1
2
1682
6
6
6
48298
12
14
1
4
2
3
2
10
1
2
2
5
1
6
15
3
3
1
1
4
2
2
29
1
4
370
4
2
2
2
132
1
4
3
1253
1
9
2
6
5
1
45
2
4
170
1
4
1
2
3
6
8
5
7
1
2
2
1
4
1
1
10
5
3
3
10
1
1
21
132
5
2
292
2
16
3
5
4
24
2
2
27
7
1
51
35
3
4
3
3
1
95622
2
1
2
5
78
5
4
2
23
4
1
2
126
1
5
61
1
30
2
1
4
2
3
13
15
3
3
15
4
6562
22
19
1
3
5
1
2
10
1
3
29
1
2
56
1
1
32
2
2
1
3
29760
2
1
2
1
2
11
1
10
6
2
1
11
4
1
1
2
24
1
2
20
1
4
1
2
1
1
2
1
36
44
11
3
7
1
10
1
1
3
8
3
1
10
3
2
6
3
3
3
10
948
106
1
2
3
15
54
53
2
2
1
7
3
21652
1
6
56
28
53859
2
15
139
2
1
4
1
1
2
14
90
2
2
7
1
6
5
2
41
3
2
2
1583
8
5
1
7
37
3
2
2
1
3
1
2
3
6
1
7
2
1
25
13
1
43
478
1
7
18
36
32
2
9
2
28
212
5
1
1
3
7
1
2
1
2
1
13
4
402
1
12
2
2
3
2
2
2
1423
4
3
15
42
4
4
3
25
1
4
4
1
1
32
1
1
2
25
1
15
2
144
3
19
17
2
1
1
2
2
20
798
8
379
1
46
1
5
4
1
16
20
3
11
1
2
4
1
3
18
1013
2
23
8
4
1
1
1
3
2
4
2
1
6
13
3
20
2
1
10
1
8
1
33
325
1
6
179
2
2
2
7
2
2
1
4
2
1255
76
4
2
1
1
8
6
3
8
2
2
53
2
2
2
9
2
3
1
3
5
2
9
1
1
28
1
1
11
2
1
2
1
1
3
5
5
3
52
53
5
9
4
2
6
2
6
8
4
1
2
330
1
29
1
2386
3
10
8
6
1
1
1
1
26
3
2
2
1
2014
3
4
5
2
4
1
25
8
10
3
9
4
5
5
1
6
42
11
24
2
4
1
1
1
2
1
1
1
6
1
16
1
2
4
4
1
42
1
4
4
2
29
2
7
8
1
10
3
23
5
2313
5
3
3
1
8
2
54
5
14
15
2
2
18
8
1
2
1
64
4
2
2
6
2
6
2
16
15
1
20
30
10
2
3
1
6
4
3
3
3
25
7
3
32
29
4
2
22
39
7
5
1067
1
1
1
2
1
9
6
1
16
1
1
3
4
2
1
1
1
3
1
1
24
4
7
1
4
2
4
16
2
3
6
6
9
13
69
1
2
118
26
1
228
2
6
3
1
3
1
7
3
2
994
2
102
7
5
1
3
7
4
35
1
2
1
3
4
8
30
10
4
7
5
4
2
1
4
2
4
2
3
7
2
2
5
1
2
4
4
1
1
1
1
2
2
3
2
3
2
3
3
1
5
2
3
23
7
1
11
2
1
4
1
41
4
33
3
1
2
3
2
1
4
242
1
2
26
1
3
3
1
1
2
1
75
62
2
1
7
1
2
10
4
3
1
22
26
1
2
8
539
1
10
2
5
5
6
1
3
16
108
27
2
14
4
18
24
1
478
14
2
2
3
1
15
1
3
1
1
4
1
2
40
1
2
4
1
1
5
5
2
199
5
1
1
48
1
5
5
3357
316
1
4
147
2
6
2
7
2
3
11
2
1
2
3
25
14
8
1
7
1
10
1
12
9
3
1
9
2
2
1
2
2
2
1
3
3
42
2
6
5
1
4
10
5
2
82
2
7
2
1
3
2
2
3
41
40
3
4
2
4
11
2
1
8
3
1
3
6
8
1
16
1
2
1
1
3
8
3
2
2
3
2
1
1
6
21
23
7
98
1
3
1
3
26
3
210
6
4
127
2
3
8
8
32
3
1
2
12
3
11
2
3
19
3
1
9
1
1
1
2
16
1
3
518
25
3
23
559
2
385
1
1
3
2
3
1
4
5
2
7
1
945
7
1
5
7
6
2
2
2
12
4
41
11
580
2
2
13
4
1
5
11
1
382
59
2
4
4
1
1
73
2
3
1
5
13
1
9
2
1
1
34
9
2
9
43
68
7
8
2
2
6
2
7
7
2
5
36
5
55
3
2
2
4
16
1
2
3
5
2
3
2
2
2
19
6
2
1
1
86
3
7
14
8
5
19
2
10
197
1
5
10
19
24
1
1
1
6
2
34
9
4
6
2
1
1
2
33
41
6
8
6
13
4
1
8
2
12
1
2
2
24
18
5
4
12
1
56
1
102
3
94
10
3
4
2
1
1
40
37
1
5
14
4
2
2
8
4
2
3
8
4
1
2
4
5
3
1
22
2
173
7
6
2
1
4
2
1
103
397
3
4
3
2
4
2
1
1
1
1
2
3
2
5
11
2
2
23
10
3
7
3
31
1201
1
2
1
1
1
2
9
5
27
3
2
18
1
13
10
7
2
42
4
1
14543
5
7
1
19
337
9
2
5
1
1
19
1
3
2
1
1
7
18
1
4
2
1
2
7
14
15
7
2
2
9
1
1441
10
6
69
5
1
5
4
1
12
15
2
11
14
7
2
1
1
2
14
23
3
2
45
2
1
1
1
2
3
33
6
1
1
3
1
1
1
3
1
5
2
1
1
19
2
2
2
5
2
4
53981
10
19
23
2
3
6
1
2
24
9
1
4
5
2
2
3
1
1
2
4
1
2
4
2
1
3
4
9
1
2
3
2
1
1
7
1
36
2
18
2
21
34
3
1
1
3
4
7
4
7
2
6
3
4
2
2
6
1
2
3
5
7
2
6
1
1
4
124
3
1
84
5
1
6
3
1
16
3
14
1
9
5
14
1
370
1
3
23
16
8
8
4
2
7
1
5
18
19
2
2
1
11
3
18
1
3
1
2
1
2
42
1
13
20
16
5
2
1
29
269
2
3
3
19
36
2
4
8
1
1
4
7
133
8
4
12
2
1
9
2
2
3
9
5
5
16
10
16
4
14
4
1
12
2
6
9
1
1
2
1
17
1
56
122
2
2
4
26
2
5
4
77
61
5
2
5
14
3
17
4
19
2
1
2
2
1
1
48
3
1
1
8
3
3
6
20
1
2
5
11
27
2
1
5
31
4
5
5
4
7
1
6
5
2
2
2
2
878
1
2
1533
3
73
4
7
28
1
7
7652
8
14
2
2
2
3
4
7
3
1
4
4
1
5
431
1
2
5
4
2
3
27
14
10
7
2
3
10
2
2
11
15
1
2
2
1
4
240101
16
7
2
2
1035
4
1
50
2
6
1
1
12
33
2
3
2
2
2
27
2
19
40
2
9
167
20
2
1
5
1
1
4
3
2
2
3
1
1
2
3
3
1
2
82
2
2
10
8
2
4
29
2
2
2
7
3
3
2
13
11
2
1
2
6
4
18
59
2
7
1
11
3
1
5
1
10
19
1
2
7
1
2
2
5
59
1
6
1
1
11
41
2
2
1
2
1
3
2
1
2
3
2
2
4
2
15
77
6
4
2
2
1
1
8
1
1
8
2
59
1
2
7
3
6
1
20
14
2
6
1
1
945
3
1
1
1
200
11
2
2
3
2
127
3
3
2
2
1
1
3
3
3
8
7
13
3
3
1
3
6
1
2
2
7
3
1
2
4
1
9
1
2
4
3
1
1
4
2
3
1
21
1
2
140
2
1
2
29
9600
3
2
1
2
2
7
3
3
65
6
9
1
4
1
3
9
2
46
18
3
29
5
2
3
1
13055
1
8
34
1
22
2
3
1
24
5
22
1
4
3
2
1
7
1
2
9
1
2
35
3
31
9
90
23
22
2
9
2
1
1
4
6
2
5
2
1
12867
3
203
98
1
2
1
2
7
2
103
2
7
3
13
2
7
2
2
37
2
6
23
1
1
27
1
105
1
2
2
2
1
4
2
17
7
1
286
2
1
9
10
1
1
3
296
1
16
1
1
2
1
4
1
9
7
2
4
1
8
2
2
2
1
1
5
1
8
2
10
9
12
19
24
3
13
2
4
241
3
1941
2
1
14
4
1
2
2
21
1
3
2
12
8
1
1
20
2
50
1998
3
2
27
2
2
2
3
2
9
4
1
2
1
1
11
3
9
1
7
3
4
3
1
74
6
4
524
2
10
1
14
4
2
6
4
2
2
1
16
2
1
720
2
1
2
2
5
3
2
13
104
11
3
1
63
5
3
10
24
1
2
2
5
1
2
6
1
1
1
4
3
15
3
10
2
1
1
4
1
1
4
2
106
1
30
1
2
119
2
1
2
1
5
6
30
2
49
2
3
1
3
2
1
1
10
5
689
9
1
3
2
1
3
66
6
1
4
4
3
3
2
134
6
2
3
3
2
32
1
2
27
2
3
1
6
1
1
1
2
2
2
6
2
1
1
7
1
6
18
4
5
8
3
3
4
7
4
7
1
14
11
3
4
1
1
160
1
17
3
1
1
50
1
2
4
2
1
2
7
2
3
2
2
957
19
5
1
1
1
165
9
9
16
10
5
1
1
1
2
1
1
2
2
3
2
4
49
5
4
362
3
2
904
2
13
17
4
2
2
8
6
20
1
3
1
2
7
2
2
3
8
2
2
2
5
7
9
1
2
24
3
1
3
1
4
1
111
1
1
5
3
4
1
2
2
2
2
61
2
19
1
1
2
21
1
1
6
3
38
1
3
6
4
6
3
2
1
1
3
2
11
82
10
5
3921
14
2
1
2
1
3
1
2
1
3
1
3
1
1
1
1
1
65
154
7
34
2
20
11
71
8
3
7
135
2
289
13
3
2
3
1
1
6
1
3
470
5
1
1
6
1
27
1
1
17
1
2
1
7
43
2
1
11
5
1
4
2
7
821
5
2
49
5
19
2
2
21
4
42
12
2
5
7
2
1
38
1
44
9
3
3
1
89
2
11
11
96
1
148
2
1
3
2
1
8
2
140
2
3
2
2
1
2
4
1
5
37
1
1
7
3
1
9
3
1
10
4
4
19
4
4
2
1
1
8
5
3
1
4
3
69
2
1
1
43
1811
4
3
8
1
2
3
55
7
9
2
1
2
3
17
355
25
2
49
7
7
7
1
2
2
9
1
2
2
53
1
2
2
10
1
1
1
1
26
11
2
9
3
6
1
1
3
2
27
6
1
2
5
6
1
4
20
23
5
2
2
1
7
23
1
1
1
71
3
36
14
1
1
4
